-0.572335037546717
1.31583979416109
1.12767533428469
0.187893653572255
1.46584179597799
-0.574905991604088
1.3669881413354
1.89384497152249
0.611988497654218
-0.193531531274332
-1.11407889568639
1.584899702688
-0.842146537667362
0.824395525671365
-2.26758738519612
0.199338344417084
0.590863815549848
1.38955294552816
0.700643229404787
2.21732825924816
0.730900669787376
1.10678669980179
0.0135188547039034
0.563651603112114
-0.0470457076937374
0.471272375157203
0.594372669604841
0.374122081723604
0.10082348353518
-0.779055420197526
0.611800168028698
2.64695129138648
0.196429132782716
1.86155422999405
1.40438814016778
-0.559778818959136
-0.151531311527372
0.599743738186397
1.75616655845906
1.07053214625409
-0.39201094146912
1.8826797416825
0.596467086424791
1.55479142439921
0.0457174356249707
-0.381916235907405
0.38728736873888
1.72878952563589
0.705722581452743
0.786226671846881
1.68683729379617
0.70185396846859
1.92328031308395
0.263500021499587
1.77377704401003
0.891911775764506
0.494169639082008
0.210674302749485
0.858873176224166
0.951016171116686
0.584419467572096
0.864036808183305
-0.553745243942631
-0.199557017574271
1.34568597154944
1.57749478764756
0.724336362240925
-0.128197893597159
0.95832736277315
-0.901208432228323
0.704643082295548
1.96004829534157
-0.893969224789093
1.99249145385878
1.64196336111676
0.381112354186123
1.6006198689574
1.28670344447598
0.19470461980263
1.64928244977095
-0.431782878943339
1.9098776012785
1.22984805897634
0.387050395391651
0.756736096248579
2.39994534941451
0.26263007976901
1.30774287677096
-1.44414704286643
-0.0736013847616255
0.143397730135441
0.0363400670897822
0.410101159957133
-0.342605290816322
1.21390164707683
0.424114773731813
0.868183145011203
0.29117470239787
0.567090898694213
1.90518510491013
