1.62759314185278
0.501325836514391
-1.75603312521574
-0.458553894826138
0.0208660699945735
0.506180859595923
-0.266020351330856
0.419106391429779
0.0314949371036395
2.17375606503006
0.561938173005526
-0.22766847747444
0.264001605090596
-1.34720581360153
1.93599128364177
2.05175253196652
2.30420465077014
-1.454226734804
-0.870985053874012
-1.11655482916721
0.744165587666269
0.462673435509017
0.806067598173498
1.51538632990928
1.23340679524203
0.823717337790473
0.184527029946301
0.761514120289687
0.139175210565308
0.670202304643092
-0.960515835678447
0.181959129963918
1.22905266242239
1.46320857291935
0.907050813064035
0.470420506818706
-0.184211159336877
-0.227977649029347
0.358562257045744
0.176371426161849
-1.07580500607859
0.856777036132871
-0.639262462939865
1.52701666486588
0.626884092924336
0.568016072020196
1.39507179447872
1.56408499740628
-1.30378195232328
1.24977812597544
1.10298174196711
2.15828319067546
-0.355931012465549
0.260843114309089
1.83418428614418
-0.496095126262449
0.838516136998096
-0.0541342290029564
-1.35921596847252
3.20395241658432
0.0787301295661262
0.148904812493695
1.62640475150166
-0.391190596074561
-0.607257822094706
1.06389626211025
-0.161993017000308
0.240759465755798
0.391039678137955
-0.0452009880705561
1.33316438032758
-1.06874034639926
0.451452262370062
0.0565607682732821
1.09936018137841
2.03216992056151
0.579465647194861
-1.13035120665267
0.0224395269652815
1.0992320090461
1.21512536361787
0.662283462957706
1.75810172564277
1.12594711688459
0.540658550380185
0.227150581918661
-0.298533840778066
1.09510793397821
0.0259652594224478
0.0389004530689076
2.1469478171156
0.0160032238382952
0.621952021933158
0.390251155120427
0.344211508222718
0.615953703816167
-1.12438073388446
0.91180696591876
0.735555066676146
1.51497203072169
